0.9876250419454464
0.9851465088213531
0.982384615064849
0.9816947123453477
0.9814862970752911
0.9793558391065377
0.975594374128059
0.9752812443044512
0.9718906545197982
0.9669803990737809
0.9669014234058704
0.9666212333790926
0.9647706753783544
0.9647499624150694
0.9632055924686264
0.962177829263871
0.9588552276301295
0.9501117209788725
0.9421986111439645
0.9376026272828604
0.9202895752108367
0.9025658353232584
0.8752904605348535


0.9886994803600633
0.9851465088213531
0.9841502590096514
0.9827113592934601
0.9814862970752911
0.9793558391065377
0.9763638712458477
0.975594374128059
0.9745045639893122
0.972842440403434
0.9718906545197982
0.9715930233215155
0.9701803686661151
0.9701124682450164
0.9696216493336075
0.9695907731955301
0.9673690066363666
0.9660425611144153
0.9614861592449002
0.9545548099884957
0.9489052433431112
0.9376026272828604
0.9202895752108367
0.8752904605348535



0.82
0.808
0.806
0.782
0.779
0.765
0.765
0.762
0.762
0.761
0.747
0.747
0.746
0.743
0.735
0.725
0.725
0.718
0.714
0.713
0.705
0.695
0.669
0.661
0.654
0.639
0.636
0.541
0.486
0.411
0.347
0.319
0.272
0.248
0.233
0.231

0.9673333333333334
0.9506666666666667
0.9486666666666667
0.9463333333333334
0.9456666666666667
0.9453333333333334
0.9446666666666667
0.9423333333333334
0.942
0.939
0.9353333333333333
0.935
0.9346666666666666
0.9336666666666666
0.933
0.932
0.9313333333333333
0.928
0.9266666666666666
0.925
0.9193333333333333
0.9163333333333333
0.9156666666666666
0.9073333333333333
0.8986666666666666
0.8936666666666667
0.8753333333333333
0.8563333333333333
0.8556666666666667
0.843
0.8186666666666667
0.7966666666666666
0.7806666666666666
0.5

0.9673333333333334
0.9506666666666667
0.9486666666666667
0.9463333333333334
0.9456666666666667
0.9453333333333334
0.9446666666666667
0.9423333333333334
0.942
0.939
0.9353333333333333
0.935
0.9346666666666666
0.9336666666666666
0.933
0.932
0.9313333333333333
0.928
0.9266666666666666
0.925
0.9193333333333333
0.9163333333333333
0.9156666666666666
0.9073333333333333
0.8986666666666666
0.8936666666666667
0.8753333333333333
0.8563333333333333
0.8556666666666667
0.843
0.8186666666666667
0.7966666666666666
0.7806666666666666
0.5